iter,dist,angle,tIter,tRTIter,tTotal,tRTTotal
1,6.92499,1.47887,14.2687,13.01,14.2687,13.01
2,6.84996,1.56126,16.2066,15.0144,30.4754,28.0244
3,5.61086,1.7475,18.7779,17.5757,49.2533,45.6001
4,5.4588,1.75445,20.6605,19.4693,69.9138,65.0694
5,5.66596,1.7697,20.9345,19.7034,90.8483,84.7727
6,5.39058,1.77101,22.1018,20.984,112.95,105.757
7,5.49536,1.8472,19.9635,18.754,132.914,124.511
8,5.58053,1.84824,19.1843,18.0287,152.098,142.539
9,5.57948,1.84764,20.8063,19.6108,172.904,162.15
10,5.4513,1.84834,20.7375,19.469,193.642,181.619
11,5.40972,1.84329,20.5712,19.3883,214.213,201.008
12,5.47782,1.65265,21.8408,20.6211,236.054,221.629
13,5.39527,1.62316,24.2295,23.1091,260.283,244.738
14,5.41894,1.19332,23.307,22.2059,283.59,266.944
15,5.37022,1.28661,23.37,22.2867,306.96,289.23
16,5.28216,1.31512,21.8172,20.6911,328.778,309.921
17,5.20124,1.38144,21.2463,20.1509,350.024,330.072
18,5.4895,1.4715,21.8462,20.7299,371.87,350.802
19,5.30907,1.48805,20.2491,19.269,392.119,370.071
20,5.21974,1.56788,19.8247,18.8466,411.944,388.918
21,5.31483,1.65308,18.2872,17.3431,430.231,406.261
22,5.45242,1.66219,18.1542,17.2683,448.385,423.529
23,3.75022,1.38418,18.0271,17.1033,466.412,440.633
24,3.89784,1.40432,20.1775,19.1907,486.59,459.823
25,3.91661,1.49569,20.9876,20.0291,507.577,479.852
26,3.76305,1.51298,23.3537,22.3564,530.931,502.209
27,3.95249,1.42021,23.0535,22.0644,553.985,524.273
28,3.97662,1.51745,23.2502,22.1934,577.235,546.467
29,3.83386,1.60405,23.2014,22.2041,600.436,568.671
30,3.73325,1.62749,22.0021,20.9428,622.438,589.613
31,3.64091,1.58712,22.5625,21.574,645.001,611.187
32,3.48881,1.71074,21.7893,20.8114,666.79,631.999
33,3.35269,1.68857,21.0192,20.0891,687.809,652.088
34,2.817,1.00788,21.8477,20.928,709.657,673.016
35,2.8385,1.00062,21.7604,20.8737,731.417,693.89
36,2.85877,1.00499,21.2524,20.3292,752.67,714.219
37,2.88995,1.00407,22.0654,21.1564,774.735,735.375
38,2.88432,1.0277,24.5624,23.6536,799.298,759.029
39,2.90623,1.00727,22.0758,21.1381,821.373,780.167
40,2.96162,1.01272,22.9229,22.027,844.296,802.194
41,2.83294,1.00667,22.9963,22.1044,867.293,824.298
42,2.96605,1.02493,23.3411,22.4404,890.634,846.739
43,3.09471,1.01642,22.7352,21.8457,913.369,868.584
44,3.20444,1.01545,20.7971,19.9799,934.166,888.564
45,3.20199,1.03305,20.1234,19.297,954.289,907.861
46,3.16183,1.01794,24.2198,23.3339,978.509,931.195
47,3.18026,1.0116,25.0041,24.0722,1003.51,955.267
48,3.14359,1.0171,25.5999,24.6794,1029.11,979.947
49,3.11815,1.0009,26.4363,25.4373,1055.55,1005.38
50,3.0564,1.00517,26.9073,25.8075,1082.46,1031.19
51,2.95946,1.00743,25.9249,24.8185,1108.38,1056.01
52,2.98836,1.01188,24.6946,23.5534,1133.08,1079.56
53,3.8981,1.16455,23.1343,22.0849,1156.21,1101.65
54,3.87236,1.145,24.0636,22.9949,1180.27,1124.64
55,6.91434,1.84628,24.3555,23.3129,1204.63,1147.96
56,6.8724,1.83657,21.4483,20.488,1226.08,1168.44
57,7.07186,1.83106,19.3585,18.4057,1245.44,1186.85
58,7.13428,1.84063,18.0013,17.1089,1263.44,1203.96
59,7.14496,1.79302,16.2863,15.3708,1279.72,1219.33
60,7.28164,1.82539,17.2203,16.3193,1296.94,1235.65
61,7.37215,1.83644,17.9767,16.9943,1314.92,1252.64
62,2.90755,1.02191,17.4652,16.4969,1332.39,1269.14
63,2.87437,1.07134,16.8196,15.8821,1349.21,1285.02
64,7.28957,1.73112,16.2766,15.3447,1365.48,1300.37
65,7.27143,1.74276,18.3207,17.3736,1383.8,1317.74
66,7.16272,1.78514,16.5529,15.6157,1400.36,1333.36
67,7.18322,1.8308,15.8125,14.8826,1416.17,1348.24
68,7.13103,1.84376,15.2647,14.2811,1431.43,1362.52
69,7.20612,1.78712,11.3412,10.3463,1442.77,1372.87
70,7.34971,1.84264,8.77938,7.83722,1451.55,1380.7
71,7.43447,1.8403,9.42367,8.4762,1460.98,1389.18
72,7.36856,1.83475,11.1683,10.2044,1472.15,1399.38
73,7.44638,1.84156,11.1494,10.1738,1483.3,1409.56
74,7.41286,1.837,11.9909,11.0081,1495.29,1420.57
75,7.40809,1.84182,12.974,11.9878,1508.26,1432.55
76,7.46907,1.85046,11.4843,10.494,1519.74,1443.05
77,7.53176,1.85078,14.693,13.6314,1534.44,1456.68
78,7.49732,1.84738,14.1102,13.0637,1548.55,1469.74
79,7.4432,1.84988,14.6983,13.6722,1563.25,1483.41
80,7.45401,1.85026,16.2063,15.1495,1579.45,1498.56
81,7.28673,1.82766,17.8847,16.7855,1597.34,1515.35
82,7.11001,1.85029,18.3636,17.1974,1615.7,1532.55
83,7.15435,1.85011,19.5629,18.4018,1635.26,1550.95
84,7.01467,1.84993,16.9882,15.8216,1652.25,1566.77
85,7.05103,1.85073,15.7653,14.6085,1668.02,1581.38
86,7.09804,1.84212,13.2891,12.1555,1681.31,1593.53
87,6.99615,1.84284,13.9075,12.876,1695.21,1606.41
88,6.86594,1.83688,12.902,11.9378,1708.12,1618.35
89,6.89962,1.85059,15.0834,14.1869,1723.2,1632.54
90,6.78889,1.84945,14.8205,13.8993,1738.02,1646.43
91,6.74334,1.85025,13.3736,12.4285,1751.39,1658.86
92,6.7673,1.84734,13.6316,12.6965,1765.02,1671.56
93,6.71154,1.79541,13.3677,12.3739,1778.39,1683.93
94,6.61915,1.79919,14.4812,13.5918,1792.87,1697.53
95,6.74695,1.60371,11.3198,10.412,1804.19,1707.94
96,6.66892,1.7849,13.5439,12.6084,1817.74,1720.55
97,6.64514,1.72079,13.1034,12.0645,1830.84,1732.61
98,6.59253,1.82249,11.6421,10.4885,1842.48,1743.1
99,6.5189,1.85078,12.3658,11.191,1854.85,1754.29
100,6.61162,1.84952,12.5028,11.3798,1867.35,1765.67