iter,dist,angle,tIter,tRTIter,tTotal,tRTTotal
1,8.93406,1.85075,2.77264,2.52873,2.77264,2.52873
2,8.97512,1.84491,4.40819,4.14295,7.18083,6.67168
3,2.13842,1.13343,4.74005,4.47827,11.9209,11.15
4,2.07267,1.0906,4.92501,4.66814,16.8459,15.8181
5,2.09956,1.0667,4.56135,4.2914,21.4072,20.1095
6,2.12429,1.02624,4.67887,4.41206,26.0861,24.5215
7,2.07061,1.0259,4.83572,4.56437,30.9218,29.0859
8,2.02806,1.11247,5.11669,4.85917,36.0385,33.9451
9,0.892999,1.72677,5.97235,5.70127,42.0109,39.6464
10,0.783928,1.82234,6.00169,5.69911,48.0126,45.3455
11,0.789375,1.82204,6.3881,6.11672,54.4007,51.4622
12,0.831207,1.77279,6.22317,5.96533,60.6238,57.4275
13,0.691279,1.7446,5.87803,5.61002,66.5019,63.0375
14,0.682399,1.63862,5.93614,5.68828,72.438,68.7258
15,0.605428,1.47199,6.20848,5.9646,78.6465,74.6904
16,0.780476,1.35862,5.33756,5.07833,83.984,79.7687
17,0.582257,1.80793,6.1518,5.9034,90.1358,85.6721
18,0.523088,1.78661,6.59021,6.32568,96.726,91.9978
19,0.63206,1.76126,6.33918,6.09419,103.065,98.092
20,0.685411,1.82229,5.77073,5.54354,108.836,103.636
21,0.478594,1.77964,5.57454,5.36304,114.41,108.999
22,0.560004,1.69531,5.85424,5.64518,120.265,114.644
23,0.522344,1.65825,4.82212,4.59649,125.087,119.24
24,0.471038,1.45204,5.65574,5.42348,130.743,124.664
25,0.523645,1.52363,5.31733,5.09167,136.06,129.755
26,0.379377,1.57728,5.79101,5.55115,141.851,135.307
27,0.436333,1.67463,5.7031,5.46683,147.554,140.773
28,0.447341,1.75777,5.74135,5.51696,153.295,146.29
29,0.532513,1.76648,5.56094,5.32711,158.856,151.617
30,0.465284,1.65198,5.2898,5.06206,164.146,156.68
31,0.526695,1.47127,5.31277,5.07462,169.459,161.754
32,0.548217,1.61882,5.1952,4.95694,174.654,166.711
33,0.526608,1.54201,5.91331,5.69954,180.567,172.411
34,0.50347,1.83719,5.53798,5.32583,186.105,177.736
35,0.546403,1.82756,5.66778,5.45702,191.773,183.193
36,0.416376,1.82697,5.59772,5.39187,197.371,188.585
37,0.344201,1.81334,5.2628,5.06438,202.634,193.65
38,0.329644,1.79843,4.91031,4.69024,207.544,198.34
39,0.494225,1.59721,4.58398,4.39077,212.128,202.731
40,0.426569,1.67317,4.05078,3.83474,216.179,206.565
41,0.394579,1.73303,4.70289,4.49372,220.882,211.059
42,0.485088,1.75985,4.63365,4.44366,225.515,215.503
43,0.703476,1.81762,4.46241,4.27864,229.978,219.781
44,0.766699,1.77306,4.88356,4.68614,234.861,224.468
45,0.741045,1.75043,4.2476,4.04643,239.109,228.514
46,7.21013,1.02684,4.70688,4.49694,243.816,233.011
47,7.10029,1.00539,4.82925,4.58583,248.645,237.597
48,7.16119,1.02133,5.05384,4.8118,253.699,242.409
49,7.04027,1.02232,5.13769,4.89282,258.837,247.301
50,7.06485,1.03443,4.79548,4.55542,263.632,251.857
51,7.17803,1.09569,4.90846,4.67334,268.54,256.53
52,0.855775,1.3306,4.9483,4.73437,273.489,261.265
53,0.761088,1.38229,4.52524,4.30033,278.014,265.565
54,0.453369,1.64138,4.78062,4.56711,282.795,270.132
55,0.519384,1.42745,4.56544,4.34395,287.36,274.476
56,0.49116,1.37314,4.6441,4.45185,292.004,278.928
57,0.53534,1.40304,4.60772,4.41001,296.612,283.338
58,0.43367,1.47976,4.50005,4.28755,301.112,287.625
59,0.531012,1.30656,4.23909,4.03502,305.351,291.66
60,0.598888,1.25305,4.51887,4.31124,309.87,295.972
61,0.64873,1.19589,4.54106,4.32636,314.411,300.298
62,9.84606,1.79807,4.47486,4.25674,318.886,304.555
63,9.92178,1.76664,4.0684,3.84135,322.954,308.396
64,10.0039,1.71633,3.1293,2.91688,326.084,311.313
65,9.99152,1.76376,2.09694,1.89421,328.18,313.207
66,10.1532,1.69227,2.29716,2.08243,330.478,315.29
67,10.1208,1.69261,2.13853,1.93194,332.616,317.222
68,10.1387,1.58528,2.36721,2.15607,334.983,319.378
69,10.1351,1.6311,2.74268,2.52709,337.726,321.905
70,10.0826,1.62706,2.49117,2.28401,340.217,324.189
71,10.061,1.4634,2.81759,2.58906,343.035,326.778
72,10.0074,1.6275,3.04317,2.83415,346.078,329.612
73,10.034,1.43999,2.87056,2.63561,348.949,332.248
74,9.87308,1.47276,2.90526,2.65381,351.854,334.901
75,9.85412,1.50649,2.83828,2.60865,354.692,337.51
76,10.0034,1.44648,2.78326,2.5635,357.475,340.073
77,9.98672,1.32479,3.29428,3.06774,360.77,343.141
78,9.98777,1.20387,2.83428,2.60171,363.604,345.743
79,9.84856,1.26366,2.77202,2.51304,366.376,348.256
80,9.89369,1.17007,2.85445,2.60614,369.23,350.862
81,10.0622,1.13986,3.50554,3.23509,372.736,354.097
82,10.1011,1.14829,3.54562,3.2889,376.282,357.386
83,10.1107,1.09615,3.68388,3.44191,379.965,360.828
84,10.0252,1.16444,2.91272,2.69266,382.878,363.521
85,9.94373,1.19212,2.43835,2.25017,385.316,365.771
86,9.97073,1.18958,3.21447,3.0194,388.531,368.79
87,10.0738,1.15252,3.53564,3.3408,392.067,372.131
88,10.0742,1.05531,3.5134,3.30959,395.58,375.441
89,9.98002,1.08895,3.34407,3.13624,398.924,378.577
90,10.0605,1.13516,3.0945,2.89461,402.019,381.472
91,9.97174,1.11842,3.29284,3.10084,405.311,384.572
92,9.9112,1.24572,2.46405,2.25589,407.775,386.828
93,10.0862,1.16846,2.2139,2.00584,409.989,388.834
94,10.1353,1.16963,2.26171,2.0281,412.251,390.862
95,10.1004,1.15954,2.22533,1.95751,414.476,392.82
96,10.1602,1.18323,3.00695,2.72732,417.483,395.547
97,10.2335,1.04105,2.5795,2.29917,420.063,397.846
98,10.2666,1.0107,3.48628,3.22097,423.549,401.067
99,10.2244,1.00797,3.21547,2.94161,426.765,404.009
100,10.0157,1.06641,2.91194,2.62756,429.677,406.636
