iter,dist,angle,tIter,tRTIter,tTotal,tRTTotal
1,2.54439,1.02208,2.59595,2.25094,2.59595,2.25094
2,2.59222,1.04147,3.86358,3.59925,6.45953,5.85019
3,5.80168,1.40197,4.32954,4.05378,10.7891,9.90397
4,4.2552,1.00355,4.68883,4.41068,15.4779,14.3147
5,2.00568,1.35461,5.25211,4.99407,20.73,19.3087
6,2.07927,1.29752,5.76573,5.49189,26.4957,24.8006
7,2.15578,1.36128,6.06828,5.82659,32.564,30.6272
8,2.16465,1.39954,5.72538,5.45157,38.2894,36.0788
9,2.18041,1.32163,5.8892,5.62377,44.1786,41.7026
10,2.22902,1.11361,6.43398,6.14928,50.6126,47.8518
11,2.19682,1.15873,5.80191,5.53665,56.4145,53.3885
12,2.21005,1.17973,5.84177,5.57387,62.2563,58.9624
13,2.12852,1.17526,6.10973,5.8478,68.366,64.8102
14,2.13181,1.23977,6.35396,6.11484,74.7199,70.925
15,2.02192,1.1612,5.50338,5.25988,80.2233,76.1849
16,1.90904,1.19286,5.47749,5.22428,85.7008,81.4092
17,2.0382,1.14215,6.07227,5.82717,91.7731,87.2363
18,2.03606,1.09383,6.25827,6.00447,98.0314,93.2408
19,1.98297,1.09443,6.67191,6.46163,104.703,99.7024
20,1.78642,1.03568,6.49473,6.2754,111.198,105.978
21,1.70362,1.05294,6.15399,5.94723,117.352,111.925
22,2.26074,1.37139,6.06704,5.85967,123.419,117.785
23,2.13466,1.33422,6.61355,6.38494,130.033,124.17
24,1.71827,1.06214,6.40769,6.20395,136.44,130.374
25,1.69993,1.0584,6.2588,6.03237,142.699,136.406
26,1.68928,1.04024,5.89599,5.67049,148.595,142.076
27,1.70319,1.0586,5.93327,5.69866,154.528,147.775
28,1.67249,1.05805,5.59579,5.36206,160.124,153.137
29,1.57978,1.0896,5.93426,5.70839,166.058,158.846
30,1.93366,1.08226,6.18371,5.96158,172.242,164.807
31,1.9364,1.13271,6.02036,5.80068,178.262,170.608
32,1.90217,1.04229,5.8822,5.64411,184.145,176.252
33,1.76179,1.01957,5.89338,5.66742,190.038,181.919
34,1.72831,1.0274,5.69333,5.48367,195.731,187.403
35,0.413044,1.09589,5.8664,5.65679,201.598,193.06
36,0.449157,1.08863,5.96147,5.75244,207.559,198.812
37,0.379108,1.11003,5.83342,5.63347,213.393,204.446
38,0.517965,1.12317,5.67316,5.4781,219.066,209.924
39,0.844829,1.01626,5.7674,5.55003,224.833,215.474
40,0.313683,1.1279,5.53285,5.32771,230.366,220.802
41,0.233888,1.03349,5.68682,5.48012,236.053,226.282
42,0.20113,1.00234,5.35706,5.15769,241.41,231.439
43,0.427158,1.00358,5.17588,4.97053,246.586,236.41
44,0.493926,1.01276,5.11364,4.92585,251.699,241.336
45,0.483182,1.0754,4.99897,4.79516,256.698,246.131
46,0.557045,1.121,5.59234,5.39897,262.291,251.53
47,0.638019,1.15026,5.61819,5.42314,267.909,256.953
48,1.37519,1.12327,5.82975,5.61381,273.739,262.567
49,1.90267,1.37775,6.1114,5.89913,279.85,268.466
50,1.87688,1.51828,6.15624,5.89151,286.006,274.357
51,1.77383,1.53008,6.16598,5.91051,292.172,280.268
52,1.93099,1.45947,6.01773,5.75332,298.19,286.021
53,2.00559,1.44969,5.97706,5.7443,304.167,291.766
54,1.34938,1.06224,6.62532,6.39324,310.792,298.159
55,1.34281,1.01897,6.24689,6.02935,317.039,304.188
56,1.39124,1.00035,5.89285,5.6687,322.932,309.857
57,0.570697,1.12294,5.63441,5.42661,328.567,315.284
58,0.489324,1.1508,5.50733,5.30534,334.074,320.589
59,1.19014,1.194,5.40898,5.21217,339.483,325.801
60,1.04505,1.10682,4.81401,4.61427,344.297,330.415
61,1.02924,1.18021,4.92684,4.70968,349.224,335.125
62,1.08493,1.20478,4.60704,4.39992,353.831,339.525
63,1.1329,1.19571,3.86782,3.65786,357.699,343.183
64,1.14705,1.16928,4.59952,4.36555,362.298,347.548
65,1.16853,1.32092,4.78298,4.5528,367.081,352.101
66,1.29663,1.3607,4.35936,4.15114,371.44,356.252
67,1.34105,1.33379,3.7153,3.50041,375.156,359.753
68,8.5399,1.05155,3.09604,2.83926,378.252,362.592
69,8.45233,1.09209,3.19247,2.96861,381.444,365.561
70,8.37212,1.13128,3.21198,2.98257,384.656,368.543
71,8.42854,1.11343,2.77634,2.5511,387.433,371.094
72,9.44483,1.58457,2.31953,2.07847,389.752,373.173
73,9.52851,1.69488,2.31769,2.08238,392.07,375.255
74,9.39972,1.6684,2.08374,1.8565,394.154,377.112
75,9.22193,1.69879,2.38533,2.13922,396.539,379.251
76,9.21943,1.73317,2.6629,2.43104,399.202,381.682
77,9.16715,1.6926,3.2871,3.05826,402.489,384.74
78,9.24852,1.62322,2.88153,2.61702,405.37,387.357
79,9.25032,1.5618,2.96605,2.7178,408.336,390.075
80,9.1253,1.29882,3.35901,3.10474,411.695,393.18
81,9.15256,1.26498,3.32088,3.06293,415.016,396.243
82,9.27282,1.28592,3.7377,3.476,418.754,399.719
83,9.34517,1.18892,3.87967,3.6213,422.634,403.34
84,9.29667,1.20197,3.78729,3.52896,426.421,406.869
85,9.42787,1.16711,3.7304,3.4965,430.151,410.365
86,9.57323,1.26269,3.24582,3.01798,433.397,413.383
87,9.57862,1.18275,3.46449,3.24782,436.862,416.631
88,9.64313,1.24703,3.81054,3.60992,440.672,420.241
89,9.57861,1.26495,3.60105,3.37794,444.273,423.619
90,9.59466,1.32854,3.9195,3.71635,448.193,427.335
91,9.76657,1.34463,3.57081,3.37409,451.764,430.709
92,9.70835,1.46633,3.37528,3.16538,455.139,433.875
93,9.58223,1.30231,2.74657,2.55086,457.885,436.426
94,9.44808,1.4427,2.69112,2.47665,460.577,438.902
95,9.44472,1.45574,2.67175,2.4349,463.248,441.337
96,9.25545,1.53806,2.5411,2.30229,465.789,443.64
97,9.15129,1.45366,3.00769,2.7633,468.797,446.403
98,9.15866,1.44964,3.21273,2.9626,472.01,449.365
99,9.14319,1.44426,2.93305,2.66781,474.943,452.033
100,9.35868,1.42908,2.63952,2.39324,477.582,454.426
