iter,dist,angle,tIter,tRTIter,tTotal,tRTTotal
1,4.04923,2.99593,5.77535,5.43959,5.77535,5.43959
2,4.15971,2.95377,8.33271,8.00449,14.1081,13.4441
3,4.22425,2.80835,8.3129,7.99014,22.421,21.4342
4,12.8052,2.01553,8.96123,8.64265,31.3822,30.0769
5,12.5365,1.67047,9.82488,9.49389,41.2071,39.5708
6,12.3965,1.57836,9.06317,8.71097,50.2702,48.2817
7,12.3464,1.73669,9.31099,8.95427,59.5812,57.236
8,12.2559,1.77209,9.18716,8.80583,68.7684,66.0418
9,12.3058,1.76625,9.47178,9.04418,78.2402,75.086
10,12.4307,1.79856,9.70212,9.2587,87.9423,84.3447
11,12.3839,1.90486,9.65872,9.2226,97.601,93.5673
12,13.3208,1.46902,10.3411,9.88609,107.942,103.453
13,13.4908,1.63812,10.0595,9.62179,118.002,113.075
14,14.0068,1.67569,9.69006,9.22565,127.692,122.301
15,13.9704,1.69256,9.26902,8.81558,136.961,131.116
16,13.9802,1.84408,9.56288,9.11393,146.524,140.23
17,14.0566,1.74397,9.85079,9.39731,156.374,149.628
18,13.9778,1.87832,9.64159,9.17805,166.016,158.806
19,14.029,1.91848,9.00157,8.48943,175.018,167.295
20,13.8334,1.819,10.2401,9.76266,185.258,177.058
21,13.7444,1.76251,10.4193,9.90362,195.677,186.961
22,13.7293,1.75908,9.6937,9.2221,205.371,196.184
23,10.4597,2.57668,9.81912,9.31923,215.19,205.503
24,10.58,2.62489,9.13222,8.64349,224.322,214.146
25,10.4267,2.62904,8.88095,8.42003,233.203,222.566
26,10.3616,2.58671,8.89305,8.39994,242.096,230.966
27,10.2802,2.53533,8.72819,8.27508,250.824,239.241
28,6.08417,1.7995,8.41374,8.00611,259.238,247.247
29,6.10318,1.55111,7.51472,7.12182,266.753,254.369
30,6.16212,1.41023,6.29788,5.90678,273.051,260.276
31,6.32871,1.54452,5.72533,5.30494,278.776,265.581
32,6.34034,1.85298,6.34763,5.94077,285.124,271.522
33,6.3144,1.78095,6.2134,5.79056,291.337,277.312
34,8.84054,2.29344,5.94219,5.49975,297.279,282.812
35,8.908,2.26143,7.48475,7.04929,304.764,289.861
36,8.82138,2.42651,7.71501,7.25218,312.479,297.113
37,8.87053,2.33126,6.91119,6.45266,319.39,303.566
38,9.03978,2.35744,6.72819,6.27733,326.118,309.843
39,9.08411,2.32933,5.80399,5.36195,331.922,315.205
40,8.97608,2.25623,5.80555,5.37776,337.728,320.583
41,8.95144,2.35079,7.00799,6.58699,344.736,327.17
42,9.19844,2.33354,6.21901,5.7912,350.955,332.961
43,9.19029,2.35161,6.13899,5.73959,357.094,338.701
44,9.10707,2.30784,7.00731,6.59132,364.101,345.292
45,9.12379,2.35038,6.27957,5.8895,370.381,351.182
46,9.04679,2.34999,6.2017,5.80563,376.582,356.987
47,9.03231,2.43396,6.2586,5.87361,382.841,362.861
48,9.10784,2.39918,5.9624,5.5831,388.803,368.444
49,9.14284,2.37774,8.64338,8.25402,397.447,376.698
50,9.20533,2.47601,6.95605,6.59572,404.403,383.294
51,9.17186,2.37779,6.67894,6.30895,411.082,389.603
52,9.21347,2.34885,7.63707,7.24447,418.719,396.847
53,9.05384,2.23778,8.34229,7.96,427.061,404.807
54,9.06624,2.21076,8.777,8.37304,435.838,413.18
55,2.16186,3.05754,8.51481,8.11678,444.353,421.297
56,2.21118,3.02882,8.79765,8.40473,453.151,429.702
57,2.31139,2.88035,9.27387,8.8849,462.424,438.587
58,2.76126,3.04968,9.62741,9.24195,472.052,447.829
59,2.82052,2.97768,9.97614,9.59942,482.028,457.428
60,2.89595,3.088,10.2317,9.83301,492.26,467.261
61,2.79654,2.96375,9.89565,9.49208,502.155,476.753
62,2.89604,3.05059,9.86024,9.46765,512.016,486.221
63,2.96769,3.03808,9.7984,9.35298,521.814,495.574
64,0.705952,2.91912,8.73294,8.31053,530.547,503.884
65,0.810956,3.04741,7.77787,7.34632,538.325,511.231
66,0.883261,3.11614,7.63582,7.24266,545.961,518.473
67,1.02642,3.07399,6.53819,6.13669,552.499,524.61
68,11.4976,2.63658,6.76417,6.34533,559.263,530.955
69,11.4394,2.69337,6.46842,6.062,565.731,537.017
70,12.5944,1.97089,7.66547,7.26233,573.397,544.28
71,12.5547,2.06405,8.51072,8.09063,581.908,552.37
72,12.4633,2.10946,8.71044,8.29435,590.618,560.665
73,12.4147,2.0385,9.48787,9.08647,600.106,569.751
74,12.2859,2.03757,8.47339,8.09392,608.579,577.845
75,12.2641,2.02951,8.36611,7.97247,616.945,585.818
76,12.4683,1.97134,8.12544,7.7308,625.071,593.548
77,12.3179,2.02142,8.28539,7.89108,633.356,601.439
78,12.2747,1.95353,8.46261,8.07139,641.819,609.511
79,12.231,2.19992,8.02778,7.61592,649.847,617.127
80,12.1542,2.08402,8.58419,8.197,658.431,625.324
81,12.4206,2.15385,8.72278,8.29991,667.154,633.624
82,12.3087,2.18638,8.96471,8.54413,676.118,642.168
83,12.3236,2.17346,8.94393,8.52508,685.062,650.693
84,12.3193,2.22878,7.61872,7.21158,692.681,657.904
85,12.3556,2.2584,7.44372,7.00673,700.125,664.911
86,12.4337,2.36931,7.56508,7.13807,707.69,672.049
87,12.1071,2.49608,8.86878,8.45584,716.558,680.505
88,12.0796,2.55478,7.84336,7.44121,724.402,687.946
89,11.9838,2.56585,8.22864,7.82675,732.63,695.773
90,11.9334,2.54122,8.4876,8.06868,741.118,703.842
91,11.8255,2.52291,9.04638,8.61618,750.164,712.458
92,11.6318,2.57398,9.00806,8.58772,759.173,721.046
93,11.6884,2.66609,9.09473,8.71341,768.267,729.759
94,11.5252,2.7496,8.8084,8.39879,777.076,738.158
95,11.5448,2.55528,8.49414,8.07962,785.57,746.237
96,11.5906,2.49902,7.68508,7.30203,793.255,753.539
97,11.6355,2.42006,8.03063,7.64487,801.285,761.184
98,11.5794,2.25975,8.2798,7.89877,809.565,769.083
99,11.5472,2.18193,8.24885,7.8331,817.814,776.916
100,11.4732,2.0907,8.9538,8.58556,826.768,785.502
